location_slug,location_name,target_date,adm4,bmkg_point_name,area_level,is_proxy_bmkg,latitude,longitude,timezone,location_note,tanggal,source_id,provider,success,base_weight,health_factor,effective_base_weight,points_collected,target_points,http_status,duration_ms,error_content_type,error_snippet,payload_saved_path,error
dago,"Dago, Bandung",2026-07-21,32.73.02.1004,Dago,kelurahan,no,-6.889,107.61,Asia/Jakarta,"BMKG point: Dago, Coblong, Kota Bandung",21-07-2026,BMKG,BMKG,yes,1.35,0.9846,1.3292,8,24,200,893,,,,
dago,"Dago, Bandung",2026-07-21,32.73.02.1004,Dago,kelurahan,no,-6.889,107.61,Asia/Jakarta,"BMKG point: Dago, Coblong, Kota Bandung",21-07-2026,CMA,Open-Meteo / CMA GRAPES,yes,0.85,0.9967,0.8472,24,24,200,421,,,,
dago,"Dago, Bandung",2026-07-21,32.73.02.1004,Dago,kelurahan,no,-6.889,107.61,Asia/Jakarta,"BMKG point: Dago, Coblong, Kota Bandung",21-07-2026,ECMWF,Open-Meteo / ECMWF,yes,1.2,0.9967,1.196,24,24,200,484,,,,
dago,"Dago, Bandung",2026-07-21,32.73.02.1004,Dago,kelurahan,no,-6.889,107.61,Asia/Jakarta,"BMKG point: Dago, Coblong, Kota Bandung",21-07-2026,GFS,Open-Meteo / NOAA GFS,yes,1.0,1.0,1.0,24,24,200,416,,,,
dago,"Dago, Bandung",2026-07-21,32.73.02.1004,Dago,kelurahan,no,-6.889,107.61,Asia/Jakarta,"BMKG point: Dago, Coblong, Kota Bandung",21-07-2026,ICON,Open-Meteo / DWD ICON,yes,1.05,1.0,1.05,24,24,200,423,,,,
dago,"Dago, Bandung",2026-07-21,32.73.02.1004,Dago,kelurahan,no,-6.889,107.61,Asia/Jakarta,"BMKG point: Dago, Coblong, Kota Bandung",21-07-2026,KMA,Open-Meteo / KMA,yes,0.9,0.9967,0.897,24,24,200,413,,,,
dago,"Dago, Bandung",2026-07-21,32.73.02.1004,Dago,kelurahan,no,-6.889,107.61,Asia/Jakarta,"BMKG point: Dago, Coblong, Kota Bandung",21-07-2026,METEOFRANCE,Open-Meteo / Meteo-France,yes,1.1,0.9967,1.0964,24,24,200,430,,,,
dago,"Dago, Bandung",2026-07-21,32.73.02.1004,Dago,kelurahan,no,-6.889,107.61,Asia/Jakarta,"BMKG point: Dago, Coblong, Kota Bandung",21-07-2026,METNO,MET Norway,yes,1.0,0.9846,0.9846,8,24,200,432,,,,
dago,"Dago, Bandung",2026-07-21,32.73.02.1004,Dago,kelurahan,no,-6.889,107.61,Asia/Jakarta,"BMKG point: Dago, Coblong, Kota Bandung",21-07-2026,UKMO,Open-Meteo / UK Met Office,yes,0.95,0.9967,0.9469,24,24,200,409,,,,
dago,"Dago, Bandung",2026-07-22,32.73.02.1004,Dago,kelurahan,no,-6.889,107.61,Asia/Jakarta,"BMKG point: Dago, Coblong, Kota Bandung",22-07-2026,BMKG,BMKG,yes,1.35,0.955,1.2893,24,24,200,18,,,,
dago,"Dago, Bandung",2026-07-22,32.73.02.1004,Dago,kelurahan,no,-6.889,107.61,Asia/Jakarta,"BMKG point: Dago, Coblong, Kota Bandung",22-07-2026,CMA,Open-Meteo / CMA GRAPES,yes,0.85,0.9979,0.8482,24,24,200,418,,,,
dago,"Dago, Bandung",2026-07-22,32.73.02.1004,Dago,kelurahan,no,-6.889,107.61,Asia/Jakarta,"BMKG point: Dago, Coblong, Kota Bandung",22-07-2026,ECMWF,Open-Meteo / ECMWF,yes,1.2,0.9979,1.1975,24,24,200,412,,,,
dago,"Dago, Bandung",2026-07-22,32.73.02.1004,Dago,kelurahan,no,-6.889,107.61,Asia/Jakarta,"BMKG point: Dago, Coblong, Kota Bandung",22-07-2026,GFS,Open-Meteo / NOAA GFS,yes,1.0,1.0,1.0,24,24,200,416,,,,
dago,"Dago, Bandung",2026-07-22,32.73.02.1004,Dago,kelurahan,no,-6.889,107.61,Asia/Jakarta,"BMKG point: Dago, Coblong, Kota Bandung",22-07-2026,ICON,Open-Meteo / DWD ICON,yes,1.05,1.0,1.05,24,24,200,431,,,,
dago,"Dago, Bandung",2026-07-22,32.73.02.1004,Dago,kelurahan,no,-6.889,107.61,Asia/Jakarta,"BMKG point: Dago, Coblong, Kota Bandung",22-07-2026,KMA,Open-Meteo / KMA,yes,0.9,0.9979,0.8981,24,24,200,410,,,,
dago,"Dago, Bandung",2026-07-22,32.73.02.1004,Dago,kelurahan,no,-6.889,107.61,Asia/Jakarta,"BMKG point: Dago, Coblong, Kota Bandung",22-07-2026,METEOFRANCE,Open-Meteo / Meteo-France,yes,1.1,0.9979,1.0977,24,24,200,425,,,,
dago,"Dago, Bandung",2026-07-22,32.73.02.1004,Dago,kelurahan,no,-6.889,107.61,Asia/Jakarta,"BMKG point: Dago, Coblong, Kota Bandung",22-07-2026,METNO,MET Norway,yes,1.0,0.955,0.955,24,24,200,2621,,,,
dago,"Dago, Bandung",2026-07-22,32.73.02.1004,Dago,kelurahan,no,-6.889,107.61,Asia/Jakarta,"BMKG point: Dago, Coblong, Kota Bandung",22-07-2026,UKMO,Open-Meteo / UK Met Office,yes,0.95,0.9979,0.948,24,24,200,403,,,,
dago,"Dago, Bandung",2026-07-23,32.73.02.1004,Dago,kelurahan,no,-6.889,107.61,Asia/Jakarta,"BMKG point: Dago, Coblong, Kota Bandung",23-07-2026,BMKG,BMKG,yes,1.35,0.9708,1.3106,24,24,200,26,,,,
dago,"Dago, Bandung",2026-07-23,32.73.02.1004,Dago,kelurahan,no,-6.889,107.61,Asia/Jakarta,"BMKG point: Dago, Coblong, Kota Bandung",23-07-2026,CMA,Open-Meteo / CMA GRAPES,yes,0.85,0.9986,0.8488,24,24,200,412,,,,
dago,"Dago, Bandung",2026-07-23,32.73.02.1004,Dago,kelurahan,no,-6.889,107.61,Asia/Jakarta,"BMKG point: Dago, Coblong, Kota Bandung",23-07-2026,ECMWF,Open-Meteo / ECMWF,yes,1.2,0.9986,1.1983,24,24,200,417,,,,
dago,"Dago, Bandung",2026-07-23,32.73.02.1004,Dago,kelurahan,no,-6.889,107.61,Asia/Jakarta,"BMKG point: Dago, Coblong, Kota Bandung",23-07-2026,GFS,Open-Meteo / NOAA GFS,yes,1.0,1.0,1.0,24,24,200,412,,,,
dago,"Dago, Bandung",2026-07-23,32.73.02.1004,Dago,kelurahan,no,-6.889,107.61,Asia/Jakarta,"BMKG point: Dago, Coblong, Kota Bandung",23-07-2026,ICON,Open-Meteo / DWD ICON,yes,1.05,1.0,1.05,24,24,200,417,,,,
dago,"Dago, Bandung",2026-07-23,32.73.02.1004,Dago,kelurahan,no,-6.889,107.61,Asia/Jakarta,"BMKG point: Dago, Coblong, Kota Bandung",23-07-2026,KMA,Open-Meteo / KMA,yes,0.9,0.9986,0.8987,24,24,200,410,,,,
dago,"Dago, Bandung",2026-07-23,32.73.02.1004,Dago,kelurahan,no,-6.889,107.61,Asia/Jakarta,"BMKG point: Dago, Coblong, Kota Bandung",23-07-2026,METEOFRANCE,Open-Meteo / Meteo-France,yes,1.1,0.9986,1.0985,24,24,200,414,,,,
dago,"Dago, Bandung",2026-07-23,32.73.02.1004,Dago,kelurahan,no,-6.889,107.61,Asia/Jakarta,"BMKG point: Dago, Coblong, Kota Bandung",23-07-2026,METNO,MET Norway,yes,1.0,0.9708,0.9708,24,24,200,375,,,,
dago,"Dago, Bandung",2026-07-23,32.73.02.1004,Dago,kelurahan,no,-6.889,107.61,Asia/Jakarta,"BMKG point: Dago, Coblong, Kota Bandung",23-07-2026,UKMO,Open-Meteo / UK Met Office,yes,0.95,0.9986,0.9487,24,24,200,495,,,,
jatinangor,"Jatinangor, Sumedang",2026-07-21,32.11.15.2002,Hegarmanah,kecamatan,yes,-6.938,107.7556,Asia/Jakarta,"BMKG representative point: Hegarmanah, Kecamatan Jatinangor",21-07-2026,BMKG,BMKG,yes,1.35,0.9846,1.3292,8,24,200,712,,,,
jatinangor,"Jatinangor, Sumedang",2026-07-21,32.11.15.2002,Hegarmanah,kecamatan,yes,-6.938,107.7556,Asia/Jakarta,"BMKG representative point: Hegarmanah, Kecamatan Jatinangor",21-07-2026,CMA,Open-Meteo / CMA GRAPES,yes,0.85,1.0,0.85,24,24,200,402,,,,
jatinangor,"Jatinangor, Sumedang",2026-07-21,32.11.15.2002,Hegarmanah,kecamatan,yes,-6.938,107.7556,Asia/Jakarta,"BMKG representative point: Hegarmanah, Kecamatan Jatinangor",21-07-2026,ECMWF,Open-Meteo / ECMWF,yes,1.2,1.0,1.2,24,24,200,394,,,,
jatinangor,"Jatinangor, Sumedang",2026-07-21,32.11.15.2002,Hegarmanah,kecamatan,yes,-6.938,107.7556,Asia/Jakarta,"BMKG representative point: Hegarmanah, Kecamatan Jatinangor",21-07-2026,GFS,Open-Meteo / NOAA GFS,yes,1.0,1.0,1.0,24,24,200,393,,,,
jatinangor,"Jatinangor, Sumedang",2026-07-21,32.11.15.2002,Hegarmanah,kecamatan,yes,-6.938,107.7556,Asia/Jakarta,"BMKG representative point: Hegarmanah, Kecamatan Jatinangor",21-07-2026,ICON,Open-Meteo / DWD ICON,yes,1.05,1.0,1.05,24,24,200,393,,,,
jatinangor,"Jatinangor, Sumedang",2026-07-21,32.11.15.2002,Hegarmanah,kecamatan,yes,-6.938,107.7556,Asia/Jakarta,"BMKG representative point: Hegarmanah, Kecamatan Jatinangor",21-07-2026,KMA,Open-Meteo / KMA,yes,0.9,1.0,0.9,24,24,200,393,,,,
jatinangor,"Jatinangor, Sumedang",2026-07-21,32.11.15.2002,Hegarmanah,kecamatan,yes,-6.938,107.7556,Asia/Jakarta,"BMKG representative point: Hegarmanah, Kecamatan Jatinangor",21-07-2026,METEOFRANCE,Open-Meteo / Meteo-France,yes,1.1,1.0,1.1,24,24,200,393,,,,
jatinangor,"Jatinangor, Sumedang",2026-07-21,32.11.15.2002,Hegarmanah,kecamatan,yes,-6.938,107.7556,Asia/Jakarta,"BMKG representative point: Hegarmanah, Kecamatan Jatinangor",21-07-2026,METNO,MET Norway,yes,1.0,0.9846,0.9846,8,24,200,412,,,,
jatinangor,"Jatinangor, Sumedang",2026-07-21,32.11.15.2002,Hegarmanah,kecamatan,yes,-6.938,107.7556,Asia/Jakarta,"BMKG representative point: Hegarmanah, Kecamatan Jatinangor",21-07-2026,UKMO,Open-Meteo / UK Met Office,yes,0.95,1.0,0.95,24,24,200,393,,,,
jatinangor,"Jatinangor, Sumedang",2026-07-22,32.11.15.2002,Hegarmanah,kecamatan,yes,-6.938,107.7556,Asia/Jakarta,"BMKG representative point: Hegarmanah, Kecamatan Jatinangor",22-07-2026,BMKG,BMKG,yes,1.35,0.955,1.2893,24,24,200,22,,,,
jatinangor,"Jatinangor, Sumedang",2026-07-22,32.11.15.2002,Hegarmanah,kecamatan,yes,-6.938,107.7556,Asia/Jakarta,"BMKG representative point: Hegarmanah, Kecamatan Jatinangor",22-07-2026,CMA,Open-Meteo / CMA GRAPES,yes,0.85,1.0,0.85,24,24,200,394,,,,
jatinangor,"Jatinangor, Sumedang",2026-07-22,32.11.15.2002,Hegarmanah,kecamatan,yes,-6.938,107.7556,Asia/Jakarta,"BMKG representative point: Hegarmanah, Kecamatan Jatinangor",22-07-2026,ECMWF,Open-Meteo / ECMWF,yes,1.2,1.0,1.2,24,24,200,393,,,,
jatinangor,"Jatinangor, Sumedang",2026-07-22,32.11.15.2002,Hegarmanah,kecamatan,yes,-6.938,107.7556,Asia/Jakarta,"BMKG representative point: Hegarmanah, Kecamatan Jatinangor",22-07-2026,GFS,Open-Meteo / NOAA GFS,yes,1.0,1.0,1.0,24,24,200,393,,,,
jatinangor,"Jatinangor, Sumedang",2026-07-22,32.11.15.2002,Hegarmanah,kecamatan,yes,-6.938,107.7556,Asia/Jakarta,"BMKG representative point: Hegarmanah, Kecamatan Jatinangor",22-07-2026,ICON,Open-Meteo / DWD ICON,yes,1.05,1.0,1.05,24,24,200,397,,,,
jatinangor,"Jatinangor, Sumedang",2026-07-22,32.11.15.2002,Hegarmanah,kecamatan,yes,-6.938,107.7556,Asia/Jakarta,"BMKG representative point: Hegarmanah, Kecamatan Jatinangor",22-07-2026,KMA,Open-Meteo / KMA,yes,0.9,1.0,0.9,24,24,200,392,,,,
jatinangor,"Jatinangor, Sumedang",2026-07-22,32.11.15.2002,Hegarmanah,kecamatan,yes,-6.938,107.7556,Asia/Jakarta,"BMKG representative point: Hegarmanah, Kecamatan Jatinangor",22-07-2026,METEOFRANCE,Open-Meteo / Meteo-France,yes,1.1,1.0,1.1,24,24,200,403,,,,
jatinangor,"Jatinangor, Sumedang",2026-07-22,32.11.15.2002,Hegarmanah,kecamatan,yes,-6.938,107.7556,Asia/Jakarta,"BMKG representative point: Hegarmanah, Kecamatan Jatinangor",22-07-2026,METNO,MET Norway,yes,1.0,0.955,0.955,24,24,200,373,,,,
jatinangor,"Jatinangor, Sumedang",2026-07-22,32.11.15.2002,Hegarmanah,kecamatan,yes,-6.938,107.7556,Asia/Jakarta,"BMKG representative point: Hegarmanah, Kecamatan Jatinangor",22-07-2026,UKMO,Open-Meteo / UK Met Office,yes,0.95,1.0,0.95,24,24,200,401,,,,
jatinangor,"Jatinangor, Sumedang",2026-07-23,32.11.15.2002,Hegarmanah,kecamatan,yes,-6.938,107.7556,Asia/Jakarta,"BMKG representative point: Hegarmanah, Kecamatan Jatinangor",23-07-2026,BMKG,BMKG,yes,1.35,0.9708,1.3106,24,24,200,16,,,,
jatinangor,"Jatinangor, Sumedang",2026-07-23,32.11.15.2002,Hegarmanah,kecamatan,yes,-6.938,107.7556,Asia/Jakarta,"BMKG representative point: Hegarmanah, Kecamatan Jatinangor",23-07-2026,CMA,Open-Meteo / CMA GRAPES,yes,0.85,1.0,0.85,24,24,200,395,,,,
jatinangor,"Jatinangor, Sumedang",2026-07-23,32.11.15.2002,Hegarmanah,kecamatan,yes,-6.938,107.7556,Asia/Jakarta,"BMKG representative point: Hegarmanah, Kecamatan Jatinangor",23-07-2026,ECMWF,Open-Meteo / ECMWF,yes,1.2,1.0,1.2,24,24,200,393,,,,
jatinangor,"Jatinangor, Sumedang",2026-07-23,32.11.15.2002,Hegarmanah,kecamatan,yes,-6.938,107.7556,Asia/Jakarta,"BMKG representative point: Hegarmanah, Kecamatan Jatinangor",23-07-2026,GFS,Open-Meteo / NOAA GFS,yes,1.0,1.0,1.0,24,24,200,400,,,,
jatinangor,"Jatinangor, Sumedang",2026-07-23,32.11.15.2002,Hegarmanah,kecamatan,yes,-6.938,107.7556,Asia/Jakarta,"BMKG representative point: Hegarmanah, Kecamatan Jatinangor",23-07-2026,ICON,Open-Meteo / DWD ICON,yes,1.05,1.0,1.05,24,24,200,437,,,,
jatinangor,"Jatinangor, Sumedang",2026-07-23,32.11.15.2002,Hegarmanah,kecamatan,yes,-6.938,107.7556,Asia/Jakarta,"BMKG representative point: Hegarmanah, Kecamatan Jatinangor",23-07-2026,KMA,Open-Meteo / KMA,yes,0.9,1.0,0.9,24,24,200,402,,,,
jatinangor,"Jatinangor, Sumedang",2026-07-23,32.11.15.2002,Hegarmanah,kecamatan,yes,-6.938,107.7556,Asia/Jakarta,"BMKG representative point: Hegarmanah, Kecamatan Jatinangor",23-07-2026,METEOFRANCE,Open-Meteo / Meteo-France,yes,1.1,1.0,1.1,24,24,200,397,,,,
jatinangor,"Jatinangor, Sumedang",2026-07-23,32.11.15.2002,Hegarmanah,kecamatan,yes,-6.938,107.7556,Asia/Jakarta,"BMKG representative point: Hegarmanah, Kecamatan Jatinangor",23-07-2026,METNO,MET Norway,yes,1.0,0.9708,0.9708,24,24,200,496,,,,
jatinangor,"Jatinangor, Sumedang",2026-07-23,32.11.15.2002,Hegarmanah,kecamatan,yes,-6.938,107.7556,Asia/Jakarta,"BMKG representative point: Hegarmanah, Kecamatan Jatinangor",23-07-2026,UKMO,Open-Meteo / UK Met Office,yes,0.95,1.0,0.95,24,24,200,402,,,,
arjawinangun,"Arjawinangun, Cirebon",2026-07-21,32.09.24.2004,Arjawinangun,kecamatan,no,-6.6453,108.4103,Asia/Jakarta,"BMKG point: Arjawinangun, Kecamatan Arjawinangun",21-07-2026,BMKG,BMKG,yes,1.35,0.9846,1.3292,8,24,200,751,,,,
arjawinangun,"Arjawinangun, Cirebon",2026-07-21,32.09.24.2004,Arjawinangun,kecamatan,no,-6.6453,108.4103,Asia/Jakarta,"BMKG point: Arjawinangun, Kecamatan Arjawinangun",21-07-2026,CMA,Open-Meteo / CMA GRAPES,yes,0.85,1.0,0.85,24,24,200,448,,,,
arjawinangun,"Arjawinangun, Cirebon",2026-07-21,32.09.24.2004,Arjawinangun,kecamatan,no,-6.6453,108.4103,Asia/Jakarta,"BMKG point: Arjawinangun, Kecamatan Arjawinangun",21-07-2026,ECMWF,Open-Meteo / ECMWF,yes,1.2,1.0,1.2,24,24,200,396,,,,
arjawinangun,"Arjawinangun, Cirebon",2026-07-21,32.09.24.2004,Arjawinangun,kecamatan,no,-6.6453,108.4103,Asia/Jakarta,"BMKG point: Arjawinangun, Kecamatan Arjawinangun",21-07-2026,GFS,Open-Meteo / NOAA GFS,yes,1.0,1.0,1.0,24,24,200,398,,,,
arjawinangun,"Arjawinangun, Cirebon",2026-07-21,32.09.24.2004,Arjawinangun,kecamatan,no,-6.6453,108.4103,Asia/Jakarta,"BMKG point: Arjawinangun, Kecamatan Arjawinangun",21-07-2026,ICON,Open-Meteo / DWD ICON,yes,1.05,1.0,1.05,24,24,200,415,,,,
arjawinangun,"Arjawinangun, Cirebon",2026-07-21,32.09.24.2004,Arjawinangun,kecamatan,no,-6.6453,108.4103,Asia/Jakarta,"BMKG point: Arjawinangun, Kecamatan Arjawinangun",21-07-2026,KMA,Open-Meteo / KMA,yes,0.9,1.0,0.9,24,24,200,401,,,,
arjawinangun,"Arjawinangun, Cirebon",2026-07-21,32.09.24.2004,Arjawinangun,kecamatan,no,-6.6453,108.4103,Asia/Jakarta,"BMKG point: Arjawinangun, Kecamatan Arjawinangun",21-07-2026,METEOFRANCE,Open-Meteo / Meteo-France,yes,1.1,1.0,1.1,24,24,200,443,,,,
arjawinangun,"Arjawinangun, Cirebon",2026-07-21,32.09.24.2004,Arjawinangun,kecamatan,no,-6.6453,108.4103,Asia/Jakarta,"BMKG point: Arjawinangun, Kecamatan Arjawinangun",21-07-2026,METNO,MET Norway,yes,1.0,0.9846,0.9846,8,24,200,620,,,,
arjawinangun,"Arjawinangun, Cirebon",2026-07-21,32.09.24.2004,Arjawinangun,kecamatan,no,-6.6453,108.4103,Asia/Jakarta,"BMKG point: Arjawinangun, Kecamatan Arjawinangun",21-07-2026,UKMO,Open-Meteo / UK Met Office,yes,0.95,1.0,0.95,24,24,200,399,,,,
arjawinangun,"Arjawinangun, Cirebon",2026-07-22,32.09.24.2004,Arjawinangun,kecamatan,no,-6.6453,108.4103,Asia/Jakarta,"BMKG point: Arjawinangun, Kecamatan Arjawinangun",22-07-2026,BMKG,BMKG,yes,1.35,0.955,1.2893,24,24,200,19,,,,
arjawinangun,"Arjawinangun, Cirebon",2026-07-22,32.09.24.2004,Arjawinangun,kecamatan,no,-6.6453,108.4103,Asia/Jakarta,"BMKG point: Arjawinangun, Kecamatan Arjawinangun",22-07-2026,CMA,Open-Meteo / CMA GRAPES,yes,0.85,1.0,0.85,24,24,200,404,,,,
arjawinangun,"Arjawinangun, Cirebon",2026-07-22,32.09.24.2004,Arjawinangun,kecamatan,no,-6.6453,108.4103,Asia/Jakarta,"BMKG point: Arjawinangun, Kecamatan Arjawinangun",22-07-2026,ECMWF,Open-Meteo / ECMWF,yes,1.2,1.0,1.2,24,24,200,392,,,,
arjawinangun,"Arjawinangun, Cirebon",2026-07-22,32.09.24.2004,Arjawinangun,kecamatan,no,-6.6453,108.4103,Asia/Jakarta,"BMKG point: Arjawinangun, Kecamatan Arjawinangun",22-07-2026,GFS,Open-Meteo / NOAA GFS,yes,1.0,1.0,1.0,24,24,200,398,,,,
arjawinangun,"Arjawinangun, Cirebon",2026-07-22,32.09.24.2004,Arjawinangun,kecamatan,no,-6.6453,108.4103,Asia/Jakarta,"BMKG point: Arjawinangun, Kecamatan Arjawinangun",22-07-2026,ICON,Open-Meteo / DWD ICON,yes,1.05,1.0,1.05,24,24,200,393,,,,
arjawinangun,"Arjawinangun, Cirebon",2026-07-22,32.09.24.2004,Arjawinangun,kecamatan,no,-6.6453,108.4103,Asia/Jakarta,"BMKG point: Arjawinangun, Kecamatan Arjawinangun",22-07-2026,KMA,Open-Meteo / KMA,yes,0.9,1.0,0.9,24,24,200,401,,,,
arjawinangun,"Arjawinangun, Cirebon",2026-07-22,32.09.24.2004,Arjawinangun,kecamatan,no,-6.6453,108.4103,Asia/Jakarta,"BMKG point: Arjawinangun, Kecamatan Arjawinangun",22-07-2026,METEOFRANCE,Open-Meteo / Meteo-France,yes,1.1,1.0,1.1,24,24,200,402,,,,
arjawinangun,"Arjawinangun, Cirebon",2026-07-22,32.09.24.2004,Arjawinangun,kecamatan,no,-6.6453,108.4103,Asia/Jakarta,"BMKG point: Arjawinangun, Kecamatan Arjawinangun",22-07-2026,METNO,MET Norway,yes,1.0,0.955,0.955,24,24,200,378,,,,
arjawinangun,"Arjawinangun, Cirebon",2026-07-22,32.09.24.2004,Arjawinangun,kecamatan,no,-6.6453,108.4103,Asia/Jakarta,"BMKG point: Arjawinangun, Kecamatan Arjawinangun",22-07-2026,UKMO,Open-Meteo / UK Met Office,yes,0.95,1.0,0.95,24,24,200,394,,,,
arjawinangun,"Arjawinangun, Cirebon",2026-07-23,32.09.24.2004,Arjawinangun,kecamatan,no,-6.6453,108.4103,Asia/Jakarta,"BMKG point: Arjawinangun, Kecamatan Arjawinangun",23-07-2026,BMKG,BMKG,yes,1.35,0.9708,1.3106,24,24,200,20,,,,
arjawinangun,"Arjawinangun, Cirebon",2026-07-23,32.09.24.2004,Arjawinangun,kecamatan,no,-6.6453,108.4103,Asia/Jakarta,"BMKG point: Arjawinangun, Kecamatan Arjawinangun",23-07-2026,CMA,Open-Meteo / CMA GRAPES,yes,0.85,1.0,0.85,24,24,200,395,,,,
arjawinangun,"Arjawinangun, Cirebon",2026-07-23,32.09.24.2004,Arjawinangun,kecamatan,no,-6.6453,108.4103,Asia/Jakarta,"BMKG point: Arjawinangun, Kecamatan Arjawinangun",23-07-2026,ECMWF,Open-Meteo / ECMWF,yes,1.2,1.0,1.2,24,24,200,401,,,,
arjawinangun,"Arjawinangun, Cirebon",2026-07-23,32.09.24.2004,Arjawinangun,kecamatan,no,-6.6453,108.4103,Asia/Jakarta,"BMKG point: Arjawinangun, Kecamatan Arjawinangun",23-07-2026,GFS,Open-Meteo / NOAA GFS,yes,1.0,1.0,1.0,24,24,200,393,,,,
arjawinangun,"Arjawinangun, Cirebon",2026-07-23,32.09.24.2004,Arjawinangun,kecamatan,no,-6.6453,108.4103,Asia/Jakarta,"BMKG point: Arjawinangun, Kecamatan Arjawinangun",23-07-2026,ICON,Open-Meteo / DWD ICON,yes,1.05,1.0,1.05,24,24,200,395,,,,
arjawinangun,"Arjawinangun, Cirebon",2026-07-23,32.09.24.2004,Arjawinangun,kecamatan,no,-6.6453,108.4103,Asia/Jakarta,"BMKG point: Arjawinangun, Kecamatan Arjawinangun",23-07-2026,KMA,Open-Meteo / KMA,yes,0.9,1.0,0.9,24,24,200,401,,,,
arjawinangun,"Arjawinangun, Cirebon",2026-07-23,32.09.24.2004,Arjawinangun,kecamatan,no,-6.6453,108.4103,Asia/Jakarta,"BMKG point: Arjawinangun, Kecamatan Arjawinangun",23-07-2026,METEOFRANCE,Open-Meteo / Meteo-France,yes,1.1,1.0,1.1,24,24,200,397,,,,
arjawinangun,"Arjawinangun, Cirebon",2026-07-23,32.09.24.2004,Arjawinangun,kecamatan,no,-6.6453,108.4103,Asia/Jakarta,"BMKG point: Arjawinangun, Kecamatan Arjawinangun",23-07-2026,METNO,MET Norway,yes,1.0,0.9708,0.9708,24,24,200,381,,,,
arjawinangun,"Arjawinangun, Cirebon",2026-07-23,32.09.24.2004,Arjawinangun,kecamatan,no,-6.6453,108.4103,Asia/Jakarta,"BMKG point: Arjawinangun, Kecamatan Arjawinangun",23-07-2026,UKMO,Open-Meteo / UK Met Office,yes,0.95,1.0,0.95,24,24,200,392,,,,
